# 1: Time step number
# 2: Time (seconds)
# 3: Time step size (seconds)
# 4: Number of mesh cells
# 5: Number of Stokes degrees of freedom
# 6: Number of temperature degrees of freedom
# 7: Iterations for temperature solver
# 8: Iterations for Stokes solver
# 9: Velocity iterations in Stokes preconditioner
# 10: Schur complement iterations in Stokes preconditioner
# 11: RMS velocity (m/s)
# 12: Max. velocity (m/s)
# 13: Minimal temperature (K)
# 14: Average temperature (K)
# 15: Maximal temperature (K)
# 16: Average nondimensional temperature (K)
# 17: Outward heat flux through boundary with indicator 0 ("left") (W)
# 18: Outward heat flux through boundary with indicator 1 ("right") (W)
# 19: Outward heat flux through boundary with indicator 2 ("bottom") (W)
# 20: Outward heat flux through boundary with indicator 3 ("top") (W)
# 21: Visualization file name
  0 0.000000000000e+00 0.000000000000e+00 256 2467 1089  0 31 33 32 1.79111115e+00 2.53177048e+00 0.00000000e+00 5.00000000e-01 1.00000000e+00 5.00000000e-01 0.00000000e+00 0.00000000e+00 -1.00000047e+00 1.00000047e+00 output-convection-box/solution/solution-00000 
  1 1.233694319115e-02 1.233694319115e-02 256 2467 1089 31 32 34 34 5.92600056e+00 8.37795000e+00 0.00000000e+00 5.00000000e-01 1.00000000e+00 5.00000000e-01 0.00000000e+00 0.00000000e+00 -1.00687567e+00 1.00687569e+00 output-convection-box/solution/solution-00001 
  2 1.606511921857e-02 3.728176027419e-03 256 2467 1089 20 31 33 33 1.09445168e+01 1.54795639e+01 0.00000000e+00 5.00000000e-01 1.00000000e+00 5.00000000e-01 0.00000000e+00 0.00000000e+00 -1.02320118e+00 1.02320120e+00                                            "" 
  3 1.808291172447e-02 2.017792505896e-03 256 2467 1089 15 30 32 32 1.62162068e+01 2.29488086e+01 0.00000000e+00 5.00000000e-01 1.00000000e+00 5.00000000e-01 0.00000000e+00 0.00000000e+00 -1.04897770e+00 1.04897773e+00                                            "" 
  4 1.944397183065e-02 1.361060106188e-03 256 2467 1089 13 29 31 31 2.14877708e+01 3.04303031e+01 0.00000000e+00 5.00000000e-01 1.00000000e+00 5.00000000e-01 0.00000000e+00 0.00000000e+00 -1.08411986e+00 1.08411990e+00                                            "" 
  5 2.047041476458e-02 1.026442933926e-03 256 2467 1089 11 29 31 31 2.66522740e+01 3.77750670e+01 0.00000000e+00 5.00000000e-01 1.00000000e+00 5.00000000e-01 0.00000000e+00 0.00000000e+00 -1.12861602e+00 1.12861607e+00 output-convection-box/solution/solution-00002 
  6 2.129729225870e-02 8.268774941221e-04 256 2467 1089 10 28 30 30 3.16603228e+01 4.49149225e+01 0.00000000e+00 4.99999999e-01 1.00000000e+00 4.99999999e-01 0.00000000e+00 0.00000000e+00 -1.18253248e+00 1.18253253e+00                                            "" 
  7 2.199273767605e-02 6.954454173503e-04 256 2467 1089  9 27 29 29 3.64853331e+01 5.18133372e+01 0.00000000e+00 4.99999999e-01 1.00000000e+00 4.99999999e-01 0.00000000e+00 0.00000000e+00 -1.24599328e+00 1.24599334e+00                                            "" 
  8 2.259560485805e-02 6.028671819994e-04 256 2467 1089  9 27 29 29 4.11100635e+01 5.84463430e+01 0.00000000e+00 4.99999999e-01 1.00000000e+00 4.99999999e-01 0.00000000e+00 0.00000000e+00 -1.31915944e+00 1.31915950e+00                                            "" 
  9 2.313006806619e-02 5.344632081423e-04 256 2467 1089  9 26 28 28 4.55214705e+01 6.47952424e+01 0.00000000e+00 4.99999999e-01 1.00000000e+00 4.99999999e-01 0.00000000e+00 0.00000000e+00 -1.40221108e+00 1.40221115e+00                                            "" 
 10 2.361217861136e-02 4.821105451631e-04 256 2467 1089  8 25 27 27 4.97088081e+01 7.08439283e+01 0.00000000e+00 4.99999999e-01 1.00000000e+00 4.99999999e-01 0.00000000e+00 0.00000000e+00 -1.49533175e+00 1.49533182e+00                                            "" 
 11 2.405314401192e-02 4.409654005579e-04 256 2467 1089  8 25 27 27 5.36629709e+01 7.65779843e+01 0.00000000e+00 4.99999999e-01 1.00000000e+00 4.99999999e-01 0.00000000e+00 0.00000000e+00 -1.59869365e+00 1.59869372e+00                                            "" 
 12 2.446110961735e-02 4.079656054397e-04 256 2467 1089  8 24 26 26 5.73762946e+01 8.19844563e+01 0.00000000e+00 4.99999999e-01 1.00000000e+00 4.99999999e-01 0.00000000e+00 0.00000000e+00 -1.71244302e+00 1.71244308e+00                                            "" 
 13 2.484219238193e-02 3.810827645724e-04 256 2467 1089  8 23 25 25 6.08425051e+01 8.70518484e+01 0.00000000e+00 4.99999999e-01 1.00000000e+00 4.99999999e-01 0.00000000e+00 0.00000000e+00 -1.83668538e+00 1.83668544e+00                                            "" 
 14 2.520111368247e-02 3.589213005395e-04 256 2467 1089  8 23 25 25 6.40567055e+01 9.17701913e+01 0.00000000e+00 4.99999999e-01 1.00000000e+00 4.99999999e-01 0.00000000e+00 0.00000000e+00 -1.97147062e+00 1.97147067e+00                                            "" 
 15 2.554160421840e-02 3.404905359313e-04 256 2467 1089  8 24 26 26 6.70153509e+01 9.61311061e+01 0.00000000e+00 4.99999999e-01 1.00000000e+00 4.99999999e-01 0.00000000e+00 0.00000000e+00 -2.11677805e+00 2.11677810e+00                                            "" 
 16 2.586667294926e-02 3.250687308621e-04 256 2467 1089  7 24 26 26 6.97162148e+01 1.00127859e+02 0.00000000e+00 4.99999999e-01 1.00000000e+00 4.99999999e-01 0.00000000e+00 0.00000000e+00 -2.27250183e+00 2.27250187e+00                                            "" 
 17 2.617879148857e-02 3.121185393083e-04 256 2467 1089  7 24 26 26 7.21583299e+01 1.03755389e+02 0.00000000e+00 4.99999999e-01 1.00000000e+00 4.99999999e-01 0.00000000e+00 0.00000000e+00 -2.43843712e+00 2.43843716e+00                                            "" 
 18 2.648002408125e-02 3.012325926802e-04 256 2467 1089  7 24 26 26 7.43419195e+01 1.07010324e+02 0.00000000e+00 4.99999999e-01 1.00000000e+00 4.99999999e-01 0.00000000e+00 0.00000000e+00 -2.61426750e+00 2.61426752e+00                                            "" 
 19 2.677212145697e-02 2.920973757197e-04 256 2467 1089  7 24 26 26 7.62683181e+01 1.09890979e+02 0.00000000e+00 4.99999999e-01 1.00000000e+00 4.99999999e-01 0.00000000e+00 0.00000000e+00 -2.79955408e+00 2.79955410e+00                                            "" 
 20 2.705659007992e-02 2.844686229558e-04 256 2467 1089  7 24 26 26 7.79398872e+01 1.12397338e+02 0.00000000e+00 4.99999999e-01 1.00000000e+00 4.99999999e-01 0.00000000e+00 0.00000000e+00 -2.99372695e+00 2.99372696e+00                                            "" 
 21 2.733474424949e-02 2.781541695612e-04 256 2467 1089  7 23 25 25 7.93599285e+01 1.14531029e+02 0.00000000e+00 4.99999999e-01 1.00000000e+00 4.99999999e-01 0.00000000e+00 0.00000000e+00 -3.19607928e+00 3.19607927e+00                                            "" 
 22 2.760767551095e-02 2.729312614652e-04 256 2467 1089  7 23 25 25 8.05323272e+01 1.16294876e+02 0.00000000e+00 4.99999999e-01 1.00000000e+00 4.99999999e-01 0.00000000e+00 0.00000000e+00 -3.40570909e+00 3.40570907e+00                                            "" 
 23 2.787635175306e-02 2.686762421104e-04 256 2467 1089  7 23 25 25 8.14619726e+01 1.17720986e+02 0.00000000e+00 4.99999999e-01 1.00000000e+00 4.99999999e-01 0.00000000e+00 0.00000000e+00 -3.62156441e+00 3.62156438e+00                                            "" 
 24 2.814171768828e-02 2.653659352179e-04 256 2467 1089  7 23 25 25 8.21548651e+01 1.18814451e+02 0.00000000e+00 4.99999999e-01 1.00000000e+00 4.99999999e-01 0.00000000e+00 0.00000000e+00 -3.84251625e+00 3.84251620e+00                                            "" 
 25 2.840463963425e-02 2.629219459679e-04 256 2467 1089  7 23 25 25 8.26176257e+01 1.19642444e+02 0.00000000e+00 4.99999999e-01 1.00000000e+00 4.99999999e-01 0.00000000e+00 0.00000000e+00 -4.06731468e+00 4.06731462e+00                                            "" 
 26 2.866574886207e-02 2.611092278207e-04 256 2467 1089  7 23 25 25 8.28573383e+01 1.20461450e+02 0.00000000e+00 4.99999999e-01 1.00000000e+00 4.99999999e-01 0.00000000e+00 0.00000000e+00 -4.29445003e+00 4.29444996e+00                                            "" 
 27 2.892508012397e-02 2.593312619040e-04 256 2467 1089  7 23 25 25 8.28822998e+01 1.21001636e+02 0.00000000e+00 4.99999999e-01 1.00000000e+00 4.99999999e-01 0.00000000e+00 0.00000000e+00 -4.52183682e+00 4.52183674e+00                                            "" 
 28 2.918325075191e-02 2.581706279411e-04 256 2467 1089  7 23 25 25 8.27027774e+01 1.21273524e+02 0.00000000e+00 4.99999999e-01 1.00000000e+00 4.99999999e-01 0.00000000e+00 0.00000000e+00 -4.74788045e+00 4.74788036e+00                                            "" 
 29 2.944083946615e-02 2.575887142335e-04 256 2467 1089  7 23 25 25 8.23295300e+01 1.21287990e+02 0.00000000e+00 4.99999999e-01 1.00000000e+00 4.99999999e-01 0.00000000e+00 0.00000000e+00 -4.97097403e+00 4.97097393e+00                                            "" 
 30 2.969839412984e-02 2.575546636898e-04 256 2467 1089  7 23 25 25 8.17737090e+01 1.21056205e+02 0.00000000e+00 4.99999999e-01 1.00000000e+00 4.99999999e-01 0.00000000e+00 0.00000000e+00 -5.18952734e+00 5.18952723e+00                                            "" 
 31 2.995643837816e-02 2.580442483260e-04 256 2467 1089  7 23 25 25 8.10467659e+01 1.20589579e+02 0.00000000e+00 4.99999999e-01 1.00000000e+00 4.99999999e-01 0.00000000e+00 0.00000000e+00 -5.40199484e+00 5.40199473e+00                                            "" 
 32 3.021547734934e-02 2.590389711823e-04 256 2467 1089  7 23 25 25 8.01603654e+01 1.19899723e+02 0.00000000e+00 4.99999999e-01 1.00000000e+00 4.99999999e-01 0.00000000e+00 0.00000000e+00 -5.60690185e+00 5.60690174e+00 output-convection-box/solution/solution-00003 
 33 3.047600269502e-02 2.605253456781e-04 256 2467 1089  7 23 25 25 7.91263062e+01 1.18998411e+02 0.00000000e+00 4.99999999e-01 1.00000000e+00 4.99999999e-01 0.00000000e+00 0.00000000e+00 -5.80286774e+00 5.80286763e+00                                            "" 
 34 3.073849700889e-02 2.624943138645e-04 256 2467 1089  7 23 25 25 7.79564481e+01 1.17897555e+02 0.00000000e+00 4.99999999e-01 1.00000000e+00 4.99999999e-01 0.00000000e+00 0.00000000e+00 -5.98862568e+00 5.98862556e+00                                            "" 
 35 3.100343778159e-02 2.649407726994e-04 256 2467 1089  7 23 25 25 7.66626468e+01 1.16648166e+02 0.00000000e+00 5.00000000e-01 1.00000000e+00 5.00000000e-01 0.00000000e+00 0.00000000e+00 -6.16303823e+00 6.16303812e+00                                            "" 
 36 3.127130096541e-02 2.678631838271e-04 256 2467 1089  7 23 25 25 7.52566951e+01 1.15231036e+02 0.00000000e+00 5.00000000e-01 1.00000000e+00 5.00000000e-01 0.00000000e+00 0.00000000e+00 -6.32510892e+00 6.32510881e+00                                            "" 
 37 3.154256421296e-02 2.712632475474e-04 256 2467 1089  7 23 25 25 7.37502717e+01 1.13648222e+02 0.00000000e+00 5.00000000e-01 1.00000000e+00 5.00000000e-01 0.00000000e+00 0.00000000e+00 -6.47398948e+00 6.47398937e+00                                            "" 
 38 3.181757954923e-02 2.750153362651e-04 256 2467 1089  7 23 25 25 7.21556620e+01 1.11912693e+02 0.00000000e+00 5.00000000e-01 1.00000000e+00 5.00000000e-01 0.00000000e+00 0.00000000e+00 -6.60892293e+00 6.60892283e+00                                            "" 
 39 3.209682118310e-02 2.792416338754e-04 256 2467 1089  7 23 25 25 7.04843403e+01 1.10036941e+02 0.00000000e+00 5.00000000e-01 1.00000000e+00 5.00000000e-01 0.00000000e+00 0.00000000e+00 -6.72938068e+00 6.72938059e+00                                            "" 
 40 3.238078431854e-02 2.839631354373e-04 256 2467 1089  7 23 25 25 6.87474448e+01 1.08033450e+02 0.00000000e+00 5.00000000e-01 1.00000000e+00 5.00000000e-01 0.00000000e+00 0.00000000e+00 -6.83498954e+00 6.83498945e+00                                            "" 
 41 3.266997492030e-02 2.891906017609e-04 256 2467 1089  7 22 24 24 6.69558190e+01 1.05914759e+02 0.00000000e+00 5.00000000e-01 1.00000000e+00 5.00000000e-01 0.00000000e+00 0.00000000e+00 -6.92551771e+00 6.92551762e+00                                            "" 
 42 3.296491165169e-02 2.949367313863e-04 256 2467 1089  6 22 24 24 6.51199897e+01 1.03693450e+02 0.00000000e+00 5.00000000e-01 1.00000000e+00 5.00000000e-01 0.00000000e+00 0.00000000e+00 -7.00086619e+00 7.00086612e+00                                            "" 
 43 3.326612754751e-02 3.012158958282e-04 256 2467 1089  6 22 24 24 6.32501516e+01 1.01382131e+02 0.00000000e+00 5.00000000e-01 1.00000000e+00 5.00000000e-01 0.00000000e+00 0.00000000e+00 -7.06105884e+00 7.06105877e+00                                            "" 
 44 3.357417138840e-02 3.080438408900e-04 256 2467 1089  6 22 24 24 6.13561525e+01 9.89934321e+01 0.00000000e+00 5.00000000e-01 1.00000000e+00 5.00000000e-01 0.00000000e+00 0.00000000e+00 -7.10623166e+00 7.10623159e+00                                            "" 
 45 3.388960872773e-02 3.154373393237e-04 256 2467 1089  6 23 25 25 5.94474804e+01 9.65399747e+01 0.00000000e+00 5.00000000e-01 1.00000000e+00 5.00000000e-01 0.00000000e+00 0.00000000e+00 -7.13662188e+00 7.13662180e+00                                            "" 
 46 3.421302252214e-02 3.234137944077e-04 256 2467 1089  7 23 25 25 5.75332549e+01 9.40423129e+01 0.00000000e+00 5.00000000e-01 1.00000000e+00 5.00000000e-01 0.00000000e+00 0.00000000e+00 -7.15255704e+00 7.15255697e+00                                            "" 
 47 3.454501328778e-02 3.319907656447e-04 256 2467 1089  7 23 25 25 5.56222194e+01 9.15148595e+01 0.00000000e+00 5.00000000e-01 1.00000000e+00 5.00000000e-01 0.00000000e+00 0.00000000e+00 -7.15444464e+00 7.15444457e+00                                            "" 
 48 3.488619867658e-02 3.411853887964e-04 256 2467 1089  7 23 25 25 5.37227326e+01 8.89591663e+01 0.00000000e+00 5.00000000e-01 1.00000000e+00 5.00000000e-01 0.00000000e+00 0.00000000e+00 -7.14276243e+00 7.14276237e+00                                            "" 
 49 3.523721237908e-02 3.510137025013e-04 256 2467 1089  7 23 25 25 5.18427620e+01 8.63876479e+01 0.00000000e+00 5.00000000e-01 1.00000000e+00 5.00000000e-01 0.00000000e+00 0.00000000e+00 -7.11804964e+00 7.11804958e+00                                            "" 
 50 3.559870222005e-02 3.614898409734e-04 256 2467 1089  7 23 25 25 4.99898762e+01 8.38125590e+01 0.00000000e+00 5.00000000e-01 1.00000000e+00 5.00000000e-01 0.00000000e+00 0.00000000e+00 -7.08089918e+00 7.08089912e+00                                            "" 
 51 3.597132730478e-02 3.726250847279e-04 256 2467 1089  7 23 25 25 4.81712385e+01 8.12459475e+01 0.00000000e+00 5.00000000e-01 1.00000000e+00 5.00000000e-01 0.00000000e+00 0.00000000e+00 -7.03195095e+00 7.03195090e+00                                            "" 
 52 3.635575405854e-02 3.844267537604e-04 256 2467 1089  7 23 25 25 4.63935994e+01 7.86996051e+01 0.00000000e+00 5.00000000e-01 1.00000000e+00 5.00000000e-01 0.00000000e+00 0.00000000e+00 -6.97188617e+00 6.97188612e+00                                            "" 
 53 3.675265099139e-02 3.968969328539e-04 256 2467 1089  7 24 26 26 4.46632890e+01 7.61850147e+01 0.00000000e+00 5.00000000e-01 1.00000000e+00 5.00000000e-01 0.00000000e+00 0.00000000e+00 -6.90142269e+00 6.90142265e+00                                            "" 
 54 3.716268201738e-02 4.100310259823e-04 256 2467 1089  7 24 26 26 4.29862101e+01 7.37132981e+01 0.00000000e+00 5.00000000e-01 1.00000000e+00 5.00000000e-01 0.00000000e+00 0.00000000e+00 -6.82131119e+00 6.82131115e+00                                            "" 
 55 3.758649815807e-02 4.238161406927e-04 256 2467 1089  7 24 26 26 4.13678304e+01 7.12951599e+01 0.00000000e+00 5.00000000e-01 1.00000000e+00 5.00000000e-01 0.00000000e+00 0.00000000e+00 -6.73233202e+00 6.73233199e+00                                            "" 
 56 3.802472749134e-02 4.382293332760e-04 256 2467 1089  7 24 26 26 3.98131768e+01 6.89408354e+01 0.00000000e+00 5.00000000e-01 1.00000000e+00 5.00000000e-01 0.00000000e+00 0.00000000e+00 -6.63529259e+00 6.63529256e+00                                            "" 
 57 3.847796322765e-02 4.532357363045e-04 256 2467 1089  7 24 26 26 3.83268289e+01 6.66600375e+01 0.00000000e+00 5.00000000e-01 1.00000000e+00 5.00000000e-01 0.00000000e+00 0.00000000e+00 -6.53102495e+00 6.53102493e+00                                            "" 
 58 3.894654626141e-02 4.685830337582e-04 256 2467 1089  7 24 26 26 3.69135024e+01 6.44628262e+01 0.00000000e+00 5.00000000e-01 1.00000000e+00 5.00000000e-01 0.00000000e+00 0.00000000e+00 -6.42043204e+00 6.42043202e+00                                            "" 
 59 3.943091913199e-02 4.843728705844e-04 256 2467 1089  7 24 26 26 3.55768173e+01 6.23687483e+01 0.00000000e+00 5.00000000e-01 1.00000000e+00 5.00000000e-01 0.00000000e+00 0.00000000e+00 -6.30439834e+00 6.30439833e+00                                            "" 
 60 3.993145984804e-02 5.005407160520e-04 256 2467 1089  7 23 25 25 3.43198742e+01 6.03840498e+01 0.00000000e+00 5.00000000e-01 1.00000000e+00 5.00000000e-01 0.00000000e+00 0.00000000e+00 -6.18381778e+00 6.18381778e+00                                            "" 
 61 4.044844792234e-02 5.169880742979e-04 256 2467 1089  7 23 25 25 3.31453153e+01 5.85040211e+01 0.00000000e+00 5.00000000e-01 1.00000000e+00 5.00000000e-01 0.00000000e+00 0.00000000e+00 -6.05959318e+00 6.05959318e+00 output-convection-box/solution/solution-00004 
 62 4.098204598378e-02 5.335980614415e-04 256 2467 1089  7 23 25 25 3.20553336e+01 5.67348116e+01 0.00000000e+00 5.00000000e-01 1.00000000e+00 5.00000000e-01 0.00000000e+00 0.00000000e+00 -5.93263113e+00 5.93263113e+00                                            "" 
 63 4.153228124954e-02 5.502352657617e-04 256 2467 1089  7 23 25 25 3.10516855e+01 5.50818116e+01 0.00000000e+00 5.00000000e-01 1.00000000e+00 5.00000000e-01 0.00000000e+00 0.00000000e+00 -5.80383580e+00 5.80383579e+00                                            "" 
 64 4.209902765727e-02 5.667464077296e-04 256 2467 1089  7 23 25 25 3.01357075e+01 5.35496450e+01 0.00000000e+00 5.00000000e-01 1.00000000e+00 5.00000000e-01 0.00000000e+00 0.00000000e+00 -5.67410178e+00 5.67410177e+00                                            "" 
 65 4.268198960723e-02 5.829619499538e-04 256 2467 1089  7 23 25 25 2.93083346e+01 5.21421673e+01 0.00000000e+00 5.00000000e-01 1.00000000e+00 5.00000000e-01 0.00000000e+00 0.00000000e+00 -5.54430601e+00 5.54430601e+00                                            "" 
 66 4.328068839291e-02 5.986987856857e-04 256 2467 1089  7 23 25 25 2.85701212e+01 5.08624700e+01 0.00000000e+00 5.00000000e-01 1.00000000e+00 5.00000000e-01 0.00000000e+00 0.00000000e+00 -5.41529909e+00 5.41529909e+00                                            "" 
 67 4.389445246782e-02 6.137640749047e-04 256 2467 1089  7 23 25 25 2.79212625e+01 4.97128895e+01 0.00000000e+00 5.00000000e-01 1.00000000e+00 5.00000000e-01 0.00000000e+00 0.00000000e+00 -5.28789614e+00 5.28789614e+00                                            "" 
 68 4.452241267118e-02 6.279602033653e-04 256 2467 1089  7 23 25 25 2.73616161e+01 4.86950209e+01 0.00000000e+00 5.00000000e-01 1.00000000e+00 5.00000000e-01 0.00000000e+00 0.00000000e+00 -5.16286778e+00 5.16286777e+00                                            "" 
 69 4.516350340999e-02 6.410907388043e-04 256 2467 1089  7 23 25 25 2.68907211e+01 4.78097330e+01 0.00000000e+00 5.00000000e-01 1.00000000e+00 5.00000000e-01 0.00000000e+00 0.00000000e+00 -5.04093148e+00 5.04093148e+00                                            "" 
 70 4.581647055658e-02 6.529671465892e-04 256 2467 1089  7 23 25 25 2.65078156e+01 4.70571869e+01 0.00000000e+00 5.00000000e-01 1.00000000e+00 5.00000000e-01 0.00000000e+00 0.00000000e+00 -4.92274389e+00 4.92274388e+00                                            "" 
 71 4.647988645410e-02 6.634158975251e-04 256 2467 1089  7 23 25 25 2.62118499e+01 4.64368551e+01 0.00000000e+00 5.00000000e-01 1.00000000e+00 5.00000000e-01 0.00000000e+00 0.00000000e+00 -4.80889434e+00 4.80889433e+00                                            "" 
 72 4.715217196822e-02 6.722855141153e-04 256 2467 1089  7 23 25 25 2.60014965e+01 4.59475424e+01 0.00000000e+00 5.00000000e-01 1.00000000e+00 5.00000000e-01 0.00000000e+00 0.00000000e+00 -4.69990011e+00 4.69990010e+00                                            "" 
 73 4.783162501063e-02 6.794530424102e-04 256 2467 1089  7 24 26 26 2.58751562e+01 4.55874070e+01 0.00000000e+00 5.00000000e-01 1.00000000e+00 5.00000000e-01 0.00000000e+00 0.00000000e+00 -4.59620345e+00 4.59620344e+00                                            "" 
 74 4.851645444527e-02 6.848294346414e-04 256 2467 1089  8 24 26 26 2.58309608e+01 4.53539841e+01 0.00000000e+00 5.00000000e-01 1.00000000e+00 5.00000000e-01 0.00000000e+00 0.00000000e+00 -4.49817064e+00 4.49817063e+00                                            "" 
 75 4.920481783249e-02 6.883633872175e-04 256 2467 1089  8 24 26 26 2.58667738e+01 4.52442104e+01 0.00000000e+00 5.00000000e-01 1.00000000e+00 5.00000000e-01 0.00000000e+00 0.00000000e+00 -4.40609295e+00 4.40609294e+00                                            "" 
 76 4.989486113676e-02 6.900433042684e-04 256 2467 1089  8 24 26 26 2.59801894e+01 4.52544516e+01 0.00000000e+00 5.00000000e-01 1.00000000e+00 5.00000000e-01 0.00000000e+00 0.00000000e+00 -4.32018948e+00 4.32018947e+00                                            "" 
 77 5.058475835607e-02 6.898972193185e-04 256 2467 1089  7 24 26 26 2.61685328e+01 4.53805336e+01 0.00000000e+00 5.00000000e-01 1.00000000e+00 5.00000000e-01 0.00000000e+00 0.00000000e+00 -4.24061150e+00 4.24061149e+00 output-convection-box/solution/solution-00005 
 78 5.127274906086e-02 6.879907047900e-04 256 2467 1089  7 24 26 26 2.64288611e+01 4.56177773e+01 0.00000000e+00 5.00000000e-01 1.00000000e+00 5.00000000e-01 0.00000000e+00 0.00000000e+00 -4.16744810e+00 4.16744809e+00                                            "" 
 79 5.195717204454e-02 6.844229836716e-04 256 2467 1089  7 24 26 26 2.67579680e+01 4.59821681e+01 0.00000000e+00 5.00000000e-01 1.00000000e+00 5.00000000e-01 0.00000000e+00 0.00000000e+00 -4.10073267e+00 4.10073266e+00                                            "" 
 80 5.263649365722e-02 6.793216126863e-04 256 2467 1089  7 24 26 26 2.71523919e+01 4.64506589e+01 0.00000000e+00 5.00000000e-01 1.00000000e+00 5.00000000e-01 0.00000000e+00 0.00000000e+00 -4.04044995e+00 4.04044994e+00                                            "" 
 81 5.330925706465e-02 6.727634074247e-04 256 2467 1089  7 23 25 25 2.76083755e+01 4.70151164e+01 0.00000000e+00 5.00000000e-01 1.00000000e+00 5.00000000e-01 0.00000000e+00 0.00000000e+00 -3.98654872e+00 3.98654871e+00                                            "" 
 82 5.397384626192e-02 6.645891972716e-04 256 2467 1089  7 23 25 25 2.81216447e+01 4.76686756e+01 0.00000000e+00 5.00000000e-01 1.00000000e+00 5.00000000e-01 0.00000000e+00 0.00000000e+00 -3.93896285e+00 3.93896284e+00                                            "" 
 83 5.462922530810e-02 6.553790461809e-04 256 2467 1089  7 23 25 25 2.86879475e+01 4.84044652e+01 0.00000000e+00 5.00000000e-01 1.00000000e+00 5.00000000e-01 0.00000000e+00 0.00000000e+00 -3.89756094e+00 3.89756092e+00                                            "" 
 84 5.527454389028e-02 6.453185821783e-04 256 2467 1089  7 23 25 25 2.93028742e+01 4.92154287e+01 0.00000000e+00 5.00000000e-01 1.00000000e+00 5.00000000e-01 0.00000000e+00 0.00000000e+00 -3.86218951e+00 3.86218949e+00                                            "" 
 85 5.590913233612e-02 6.345884458407e-04 256 2467 1089  7 23 25 25 2.99618883e+01 5.00943878e+01 0.00000000e+00 5.00000000e-01 1.00000000e+00 5.00000000e-01 0.00000000e+00 0.00000000e+00 -3.83267881e+00 3.83267879e+00                                            "" 
 86 5.653249209307e-02 6.233597569513e-04 256 2467 1089  7 23 25 25 3.06603599e+01 5.10341026e+01 0.00000000e+00 5.00000000e-01 1.00000000e+00 5.00000000e-01 0.00000000e+00 0.00000000e+00 -3.80884760e+00 3.80884758e+00                                            "" 
 87 5.714428287611e-02 6.117907830423e-04 256 2467 1089  7 23 25 25 3.13935979e+01 5.20330842e+01 0.00000000e+00 5.00000000e-01 1.00000000e+00 5.00000000e-01 0.00000000e+00 0.00000000e+00 -3.79050707e+00 3.79050704e+00                                            "" 
 88 5.774430762684e-02 6.000247507269e-04 256 2467 1089  7 23 25 25 3.21568830e+01 5.30886286e+01 0.00000000e+00 5.00000000e-01 1.00000000e+00 5.00000000e-01 0.00000000e+00 0.00000000e+00 -3.77746387e+00 3.77746385e+00                                            "" 
 89 5.833249630018e-02 5.881886733464e-04 256 2467 1089  7 23 25 25 3.29454981e+01 5.41833671e+01 0.00000000e+00 5.00000000e-01 1.00000000e+00 5.00000000e-01 0.00000000e+00 0.00000000e+00 -3.76952239e+00 3.76952237e+00                                            "" 
 90 5.890888932864e-02 5.763930284553e-04 256 2467 1089  7 23 25 25 3.37547582e+01 5.53102467e+01 0.00000000e+00 5.00000000e-01 1.00000000e+00 5.00000000e-01 0.00000000e+00 0.00000000e+00 -3.76648625e+00 3.76648623e+00                                            "" 
 91 5.947362143236e-02 5.647321037226e-04 256 2467 1089  7 23 25 25 3.45800379e+01 5.64623906e+01 0.00000000e+00 5.00000000e-01 1.00000000e+00 5.00000000e-01 0.00000000e+00 0.00000000e+00 -3.76815931e+00 3.76815928e+00                                            "" 
 92 6.002690626655e-02 5.532848341907e-04 256 2467 1089  7 23 25 25 3.54167969e+01 5.76331306e+01 0.00000000e+00 5.00000000e-01 1.00000000e+00 5.00000000e-01 0.00000000e+00 0.00000000e+00 -3.77434605e+00 3.77434602e+00 output-convection-box/solution/solution-00006 
 93 6.056902223765e-02 5.421159711011e-04 256 2467 1089  7 22 24 24 3.62606027e+01 5.88160344e+01 0.00000000e+00 5.00000000e-01 1.00000000e+00 5.00000000e-01 0.00000000e+00 0.00000000e+00 -3.78485167e+00 3.78485165e+00                                            "" 
 94 6.110029968262e-02 5.312774449625e-04 256 2467 1089  7 22 24 24 3.71071514e+01 6.00049274e+01 0.00000000e+00 5.00000000e-01 1.00000000e+00 5.00000000e-01 0.00000000e+00 0.00000000e+00 -3.79948179e+00 3.79948177e+00                                            "" 
 95 6.162110950852e-02 5.208098259082e-04 256 2467 1089  7 22 24 24 3.79522859e+01 6.11939119e+01 0.00000000e+00 5.00000000e-01 1.00000000e+00 5.00000000e-01 0.00000000e+00 0.00000000e+00 -3.81804196e+00 3.81804194e+00                                            "" 
 96 6.213178212246e-02 5.106726139312e-04 256 2467 1089  7 21 23 23 3.87918951e+01 6.23772141e+01 0.00000000e+00 5.00000000e-01 1.00000000e+00 5.00000000e-01 0.00000000e+00 0.00000000e+00 -3.84033364e+00 3.84033361e+00                                            "" 
 97 6.263261947198e-02 5.008373495272e-04 256 2467 1089  7 21 23 23 3.96219580e+01 6.35492357e+01 0.00000000e+00 5.00000000e-01 1.00000000e+00 5.00000000e-01 0.00000000e+00 0.00000000e+00 -3.86615182e+00 3.86615179e+00                                            "" 
 98 6.312408804251e-02 4.914685705241e-04 256 2467 1089  7 21 23 23 4.04388942e+01 6.47155937e+01 0.00000000e+00 5.00000000e-01 1.00000000e+00 5.00000000e-01 0.00000000e+00 0.00000000e+00 -3.89529509e+00 3.89529507e+00                                            "" 
 99 6.360666062637e-02 4.825725838625e-04 256 2467 1089  7 20 22 22 4.12393263e+01 6.58653701e+01 0.00000000e+00 5.00000000e-01 1.00000000e+00 5.00000000e-01 0.00000000e+00 0.00000000e+00 -3.92756004e+00 3.92756001e+00                                            "" 
100 6.408081148908e-02 4.741508627149e-04 256 2467 1089  7 20 22 22 4.20200860e+01 6.69888256e+01 0.00000000e+00 5.00000000e-01 1.00000000e+00 5.00000000e-01 0.00000000e+00 0.00000000e+00 -3.96274053e+00 3.96274051e+00                                            "" 
101 6.454701251998e-02 4.662010308957e-04 256 2467 1089  7 20 22 22 4.27782193e+01 6.80819261e+01 0.00000000e+00 5.00000000e-01 1.00000000e+00 5.00000000e-01 0.00000000e+00 0.00000000e+00 -4.00062713e+00 4.00062712e+00                                            "" 
102 6.500573021273e-02 4.587176927540e-04 256 2467 1089  7 21 23 23 4.35109904e+01 6.91409562e+01 0.00000000e+00 5.00000000e-01 1.00000000e+00 5.00000000e-01 0.00000000e+00 0.00000000e+00 -4.04100667e+00 4.04100667e+00                                            "" 
103 6.545742335384e-02 4.516931411082e-04 256 2467 1089  6 21 23 23 4.42158844e+01 7.01625145e+01 0.00000000e+00 5.00000000e-01 1.00000000e+00 5.00000000e-01 0.00000000e+00 0.00000000e+00 -4.08366191e+00 4.08366191e+00                                            "" 
104 6.590254130441e-02 4.451179505708e-04 256 2467 1089  6 21 23 23 4.48906077e+01 7.11435070e+01 0.00000000e+00 5.00000000e-01 1.00000000e+00 5.00000000e-01 0.00000000e+00 0.00000000e+00 -4.12837146e+00 4.12837146e+00                                            "" 
105 6.634152277281e-02 4.389814683986e-04 256 2467 1089  6 21 23 23 4.55330895e+01 7.20811412e+01 0.00000000e+00 5.00000000e-01 1.00000000e+00 5.00000000e-01 0.00000000e+00 0.00000000e+00 -4.17490983e+00 4.17490985e+00                                            "" 
106 6.677479498316e-02 4.332722103452e-04 256 2467 1089  6 21 23 23 4.61414813e+01 7.29729196e+01 0.00000000e+00 5.00000000e-01 1.00000000e+00 5.00000000e-01 0.00000000e+00 0.00000000e+00 -4.22304777e+00 4.22304778e+00                                            "" 
107 6.720277316543e-02 4.279781822726e-04 256 2467 1089  6 21 23 23 4.67141558e+01 7.38166328e+01 0.00000000e+00 5.00000000e-01 1.00000000e+00 5.00000000e-01 0.00000000e+00 0.00000000e+00 -4.27255261e+00 4.27255264e+00                                            "" 
108 6.762586030102e-02 4.230871355861e-04 256 2467 1089  6 21 23 23 4.72497056e+01 7.46103524e+01 0.00000000e+00 5.00000000e-01 1.00000000e+00 5.00000000e-01 0.00000000e+00 0.00000000e+00 -4.32318903e+00 4.32318906e+00                                            "" 
109 6.804444706797e-02 4.185867669577e-04 256 2467 1089  6 21 23 23 4.77469402e+01 7.53524250e+01 0.00000000e+00 5.00000000e-01 1.00000000e+00 5.00000000e-01 0.00000000e+00 0.00000000e+00 -4.37471976e+00 4.37471979e+00                                            "" 
110 6.845891193935e-02 4.144648713798e-04 256 2467 1089  6 21 23 23 4.82048839e+01 7.60414651e+01 0.00000000e+00 5.00000000e-01 1.00000000e+00 5.00000000e-01 0.00000000e+00 0.00000000e+00 -4.42690655e+00 4.42690659e+00                                            "" 
111 6.886962139569e-02 4.107094563409e-04 256 2467 1089  6 21 23 23 4.86227713e+01 7.66763486e+01 0.00000000e+00 5.00000000e-01 1.00000000e+00 5.00000000e-01 0.00000000e+00 0.00000000e+00 -4.47951128e+00 4.47951132e+00                                            "" 
112 6.927693021951e-02 4.073088238202e-04 256 2467 1089  6 21 23 23 4.90000439e+01 7.72562065e+01 0.00000000e+00 5.00000000e-01 1.00000000e+00 5.00000000e-01 0.00000000e+00 0.00000000e+00 -4.53229705e+00 4.53229709e+00                                            "" 
113 6.968118184531e-02 4.042516257991e-04 256 2467 1089  6 21 23 23 4.93363451e+01 7.77804186e+01 0.00000000e+00 5.00000000e-01 1.00000000e+00 5.00000000e-01 0.00000000e+00 0.00000000e+00 -4.58502946e+00 4.58502950e+00                                            "" 
114 7.008270874341e-02 4.015268980965e-04 256 2467 1089  6 21 23 23 4.96315150e+01 7.82486071e+01 0.00000000e+00 5.00000000e-01 1.00000000e+00 5.00000000e-01 0.00000000e+00 0.00000000e+00 -4.63747785e+00 4.63747790e+00 output-convection-box/solution/solution-00007 
115 7.048183281995e-02 3.991240765384e-04 256 2467 1089  6 21 23 23 4.98855847e+01 7.86606302e+01 0.00000000e+00 5.00000000e-01 1.00000000e+00 5.00000000e-01 0.00000000e+00 0.00000000e+00 -4.68941659e+00 4.68941664e+00                                            "" 
116 7.087886581873e-02 3.970329987800e-04 256 2467 1089  6 20 22 22 5.00987701e+01 7.90165760e+01 0.00000000e+00 5.00000000e-01 1.00000000e+00 5.00000000e-01 0.00000000e+00 0.00000000e+00 -4.74062632e+00 4.74062637e+00                                            "" 
117 7.127410971143e-02 3.952438927038e-04 256 2467 1089  6 21 23 23 5.02714645e+01 7.93167542e+01 0.00000000e+00 5.00000000e-01 1.00000000e+00 5.00000000e-01 0.00000000e+00 0.00000000e+00 -4.79089519e+00 4.79089525e+00                                            "" 
118 7.166785707652e-02 3.937473650911e-04 256 2467 1089  6 21 23 23 5.04042323e+01 7.95616921e+01 0.00000000e+00 5.00000000e-01 1.00000000e+00 5.00000000e-01 0.00000000e+00 0.00000000e+00 -4.84002001e+00 4.84002006e+00                                            "" 
119 7.206039143737e-02 3.925343608476e-04 256 2467 1089  6 21 23 23 5.04978003e+01 7.97521246e+01 0.00000000e+00 5.00000000e-01 1.00000000e+00 5.00000000e-01 0.00000000e+00 0.00000000e+00 -4.88780729e+00 4.88780734e+00                                            "" 
120 7.245198758143e-02 3.915961440550e-04 256 2467 1089  6 21 23 23 5.05530499e+01 7.98889876e+01 0.00000000e+00 5.00000000e-01 1.00000000e+00 5.00000000e-01 0.00000000e+00 0.00000000e+00 -4.93407428e+00 4.93407433e+00                                            "" 
121 7.284291183534e-02 3.909242539178e-04 256 2467 1089  6 21 23 23 5.05710086e+01 7.99734105e+01 0.00000000e+00 5.00000000e-01 1.00000000e+00 5.00000000e-01 0.00000000e+00 0.00000000e+00 -4.97864978e+00 4.97864983e+00                                            "" 
122 7.323342230043e-02 3.905104650819e-04 256 2467 1089  6 21 23 23 5.05528406e+01 8.00067068e+01 0.00000000e+00 5.00000000e-01 1.00000000e+00 5.00000000e-01 0.00000000e+00 0.00000000e+00 -5.02137495e+00 5.02137500e+00                                            "" 
123 7.362376904427e-02 3.903467438422e-04 256 2467 1089  6 21 23 23 5.04998374e+01 7.99903655e+01 0.00000000e+00 5.00000000e-01 1.00000000e+00 5.00000000e-01 0.00000000e+00 0.00000000e+00 -5.06210386e+00 5.06210391e+00                                            "" 
124 7.401419424636e-02 3.904252020928e-04 256 2467 1089  6 21 23 23 5.04134084e+01 7.99260419e+01 0.00000000e+00 5.00000000e-01 1.00000000e+00 5.00000000e-01 0.00000000e+00 0.00000000e+00 -5.10070410e+00 5.10070415e+00                                            "" 
125 7.440493229605e-02 3.907380496875e-04 256 2467 1089  6 21 23 23 5.02950705e+01 7.98155471e+01 0.00000000e+00 5.00000000e-01 1.00000000e+00 5.00000000e-01 0.00000000e+00 0.00000000e+00 -5.13705709e+00 5.13705714e+00                                            "" 
126 7.479620984178e-02 3.912775457343e-04 256 2467 1089  6 21 23 23 5.01464381e+01 7.96608376e+01 0.00000000e+00 5.00000000e-01 1.00000000e+00 5.00000000e-01 0.00000000e+00 0.00000000e+00 -5.17105843e+00 5.17105848e+00                                            "" 
127 7.518824579108e-02 3.920359493005e-04 256 2467 1089  6 21 23 23 4.99692126e+01 7.94640048e+01 0.00000000e+00 5.00000000e-01 1.00000000e+00 5.00000000e-01 0.00000000e+00 0.00000000e+00 -5.20261801e+00 5.20261806e+00                                            "" 
128 7.558125126106e-02 3.930054699802e-04 256 2467 1089  6 21 23 23 4.97651717e+01 7.92272628e+01 0.00000000e+00 5.00000000e-01 1.00000000e+00 5.00000000e-01 0.00000000e+00 0.00000000e+00 -5.23166015e+00 5.23166020e+00                                            "" 
129 7.597542947984e-02 3.941782187769e-04 256 2467 1089  6 21 23 23 4.95361589e+01 7.89598112e+01 0.00000000e+00 5.00000000e-01 1.00000000e+00 5.00000000e-01 0.00000000e+00 0.00000000e+00 -5.25812352e+00 5.25812357e+00                                            "" 
130 7.637097563960e-02 3.955461597633e-04 256 2467 1089  6 21 23 23 4.92840729e+01 7.86594738e+01 0.00000000e+00 5.00000000e-01 1.00000000e+00 5.00000000e-01 0.00000000e+00 0.00000000e+00 -5.28196106e+00 5.28196111e+00                                            "" 
131 7.676807670261e-02 3.971010630100e-04 256 2467 1089  6 21 23 23 4.90108568e+01 7.83264438e+01 0.00000000e+00 5.00000000e-01 1.00000000e+00 5.00000000e-01 0.00000000e+00 0.00000000e+00 -5.30313981e+00 5.30313986e+00                                            "" 
132 7.716691116192e-02 3.988344593075e-04 256 2467 1089  6 21 23 23 4.87184874e+01 7.79632679e+01 0.00000000e+00 5.00000000e-01 1.00000000e+00 5.00000000e-01 0.00000000e+00 0.00000000e+00 -5.32164066e+00 5.32164070e+00                                            "" 
133 7.756764875917e-02 4.007375972500e-04 256 2467 1089  6 21 23 23 4.84089653e+01 7.75725557e+01 0.00000000e+00 5.00000000e-01 1.00000000e+00 5.00000000e-01 0.00000000e+00 0.00000000e+00 -5.33745802e+00 5.33745806e+00                                            "" 
134 7.797045016247e-02 4.028014032945e-04 256 2467 1089  6 20 22 22 4.80843040e+01 7.71569664e+01 0.00000000e+00 5.00000000e-01 1.00000000e+00 5.00000000e-01 0.00000000e+00 0.00000000e+00 -5.35059950e+00 5.35059954e+00                                            "" 
135 7.837546660899e-02 4.050164465276e-04 256 2467 1089  6 20 22 22 4.77465205e+01 7.67191961e+01 0.00000000e+00 5.00000000e-01 1.00000000e+00 5.00000000e-01 0.00000000e+00 0.00000000e+00 -5.36108546e+00 5.36108549e+00                                            "" 
136 7.878281691707e-02 4.073503080735e-04 256 2467 1089  6 20 22 22 4.73976448e+01 7.62619890e+01 0.00000000e+00 5.00000000e-01 1.00000000e+00 5.00000000e-01 0.00000000e+00 0.00000000e+00 -5.36894819e+00 5.36894823e+00                                            "" 
137 7.919259340185e-02 4.097764847812e-04 256 2467 1089  6 20 22 22 4.70397064e+01 7.57881209e+01 0.00000000e+00 5.00000000e-01 1.00000000e+00 5.00000000e-01 0.00000000e+00 0.00000000e+00 -5.37423225e+00 5.37423228e+00                                            "" 
138 7.960491617574e-02 4.123227738936e-04 256 2467 1089  6 19 21 21 4.66746768e+01 7.53003206e+01 0.00000000e+00 5.00000000e-01 1.00000000e+00 5.00000000e-01 0.00000000e+00 0.00000000e+00 -5.37699448e+00 5.37699451e+00                                            "" 
139 8.001989431605e-02 4.149781403106e-04 256 2467 1089  6 19 21 21 4.63044922e+01 7.48012990e+01 0.00000000e+00 5.00000000e-01 1.00000000e+00 5.00000000e-01 0.00000000e+00 0.00000000e+00 -5.37730240e+00 5.37730243e+00 output-convection-box/solution/solution-00008 
140 8.043762542605e-02 4.177311100006e-04 256 2467 1089  6 19 21 21 4.59310451e+01 7.42937341e+01 0.00000000e+00 5.00000000e-01 1.00000000e+00 5.00000000e-01 0.00000000e+00 0.00000000e+00 -5.37523353e+00 5.37523355e+00                                            "" 
141 8.085819520783e-02 4.205697817743e-04 256 2467 1089  6 19 21 21 4.55561776e+01 7.37802609e+01 0.00000000e+00 5.00000000e-01 1.00000000e+00 5.00000000e-01 0.00000000e+00 0.00000000e+00 -5.37087471e+00 5.37087473e+00                                            "" 
142 8.128167704163e-02 4.234818338018e-04 256 2467 1089  6 19 21 21 4.51816744e+01 7.32634603e+01 0.00000000e+00 5.00000000e-01 1.00000000e+00 5.00000000e-01 0.00000000e+00 0.00000000e+00 -5.36432148e+00 5.36432149e+00                                            "" 
143 8.170813157668e-02 4.264545350552e-04 256 2467 1089  6 19 21 21 4.48092555e+01 7.27458470e+01 0.00000000e+00 5.00000000e-01 1.00000000e+00 5.00000000e-01 0.00000000e+00 0.00000000e+00 -5.35567734e+00 5.35567734e+00                                            "" 
144 8.213760636321e-02 4.294747865257e-04 256 2467 1089  6 19 21 21 4.44405705e+01 7.22298591e+01 0.00000000e+00 5.00000000e-01 1.00000000e+00 5.00000000e-01 0.00000000e+00 0.00000000e+00 -5.34505300e+00 5.34505300e+00                                            "" 
145 8.257013552062e-02 4.325291574091e-04 256 2467 1089  6 19 21 21 4.40771941e+01 7.17178493e+01 0.00000000e+00 5.00000000e-01 1.00000000e+00 5.00000000e-01 0.00000000e+00 0.00000000e+00 -5.33256567e+00 5.33256565e+00                                            "" 
146 8.300573945247e-02 4.356039318479e-04 256 2467 1089  6 20 22 22 4.37206208e+01 7.12120758e+01 0.00000000e+00 5.00000000e-01 1.00000000e+00 5.00000000e-01 0.00000000e+00 0.00000000e+00 -5.31833821e+00 5.31833818e+00                                            "" 
147 8.344442462009e-02 4.386851676192e-04 256 2467 1089  6 20 22 22 4.33722609e+01 7.07146940e+01 0.00000000e+00 5.00000000e-01 1.00000000e+00 5.00000000e-01 0.00000000e+00 0.00000000e+00 -5.30249839e+00 5.30249836e+00                                            "" 
148 8.388618338597e-02 4.417587658816e-04 256 2467 1089  6 20 22 22 4.30334373e+01 7.02277498e+01 0.00000000e+00 5.00000000e-01 1.00000000e+00 5.00000000e-01 0.00000000e+00 0.00000000e+00 -5.28517807e+00 5.28517804e+00                                            "" 
149 8.433099393204e-02 4.448105460760e-04 256 2467 1089  6 20 22 22 4.27053820e+01 6.97531726e+01 0.00000000e+00 5.00000000e-01 1.00000000e+00 5.00000000e-01 0.00000000e+00 0.00000000e+00 -5.26651236e+00 5.26651233e+00                                            "" 
150 8.477882026557e-02 4.478263335294e-04 256 2467 1089  6 20 22 22 4.23892344e+01 6.92927698e+01 0.00000000e+00 5.00000000e-01 1.00000000e+00 5.00000000e-01 0.00000000e+00 0.00000000e+00 -5.24663881e+00 5.24663878e+00                                            "" 
151 8.522961231775e-02 4.507920521725e-04 256 2467 1089  6 20 22 22 4.20860387e+01 6.88482223e+01 0.00000000e+00 5.00000000e-01 1.00000000e+00 5.00000000e-01 0.00000000e+00 0.00000000e+00 -5.22569658e+00 5.22569654e+00                                            "" 
152 8.568330614185e-02 4.536938241072e-04 256 2467 1089  6 20 22 22 4.17967433e+01 6.84210800e+01 0.00000000e+00 5.00000000e-01 1.00000000e+00 5.00000000e-01 0.00000000e+00 0.00000000e+00 -5.20382562e+00 5.20382558e+00                                            "" 
153 8.613982421596e-02 4.565180741028e-04 256 2467 1089  6 20 22 22 4.15221997e+01 6.80127592e+01 0.00000000e+00 5.00000000e-01 1.00000000e+00 5.00000000e-01 0.00000000e+00 0.00000000e+00 -5.18116587e+00 5.18116583e+00                                            "" 
154 8.659907585336e-02 4.592516374078e-04 256 2467 1089  6 20 22 22 4.12631621e+01 6.76245398e+01 0.00000000e+00 5.00000000e-01 1.00000000e+00 5.00000000e-01 0.00000000e+00 0.00000000e+00 -5.15785648e+00 5.15785643e+00                                            "" 
155 8.706095772244e-02 4.618818690732e-04 256 2467 1089  6 20 22 22 4.10202878e+01 6.72575639e+01 0.00000000e+00 5.00000000e-01 1.00000000e+00 5.00000000e-01 0.00000000e+00 0.00000000e+00 -5.13403502e+00 5.13403498e+00                                            "" 
156 8.752535447528e-02 4.643967528441e-04 256 2467 1089  6 20 22 22 4.07941376e+01 6.69128350e+01 0.00000000e+00 5.00000000e-01 1.00000000e+00 5.00000000e-01 0.00000000e+00 0.00000000e+00 -5.10983680e+00 5.10983676e+00                                            "" 
157 8.799213948285e-02 4.667850075740e-04 256 2467 1089  6 20 22 22 4.05851769e+01 6.65912179e+01 0.00000000e+00 5.00000000e-01 1.00000000e+00 5.00000000e-01 0.00000000e+00 0.00000000e+00 -5.08539415e+00 5.08539411e+00                                            "" 
158 8.846117567193e-02 4.690361890715e-04 256 2467 1089  6 20 22 22 4.03937770e+01 6.62934391e+01 0.00000000e+00 5.00000000e-01 1.00000000e+00 5.00000000e-01 0.00000000e+00 0.00000000e+00 -5.06083576e+00 5.06083571e+00                                            "" 
159 8.893231645722e-02 4.711407852974e-04 256 2467 1089  6 20 22 22 4.02202168e+01 6.60200881e+01 0.00000000e+00 5.00000000e-01 1.00000000e+00 5.00000000e-01 0.00000000e+00 0.00000000e+00 -5.03628609e+00 5.03628605e+00                                            "" 
160 8.940540676013e-02 4.730903029052e-04 256 2467 1089  6 20 22 22 4.00646851e+01 6.57716194e+01 0.00000000e+00 5.00000000e-01 1.00000000e+00 5.00000000e-01 0.00000000e+00 0.00000000e+00 -5.01186487e+00 5.01186483e+00                                            "" 
161 8.988028410338e-02 4.748773432520e-04 256 2467 1089  6 20 22 22 3.99272825e+01 6.55483550e+01 0.00000000e+00 5.00000000e-01 1.00000000e+00 5.00000000e-01 0.00000000e+00 0.00000000e+00 -4.98768651e+00 4.98768647e+00                                            "" 
162 9.035677976955e-02 4.764956661717e-04 256 2467 1089  6 19 21 21 3.98080244e+01 6.53504869e+01 0.00000000e+00 5.00000000e-01 1.00000000e+00 5.00000000e-01 0.00000000e+00 0.00000000e+00 -4.96385977e+00 4.96385973e+00 output-convection-box/solution/solution-00009 
163 9.083472000937e-02 4.779402398216e-04 256 2467 1089  6 20 22 22 3.97068438e+01 6.51780811e+01 0.00000000e+00 5.00000000e-01 1.00000000e+00 5.00000000e-01 0.00000000e+00 0.00000000e+00 -4.94048730e+00 4.94048726e+00                                            "" 
164 9.131392728889e-02 4.792072795189e-04 256 2467 1089  6 20 22 22 3.96235941e+01 6.50310817e+01 0.00000000e+00 5.00000000e-01 1.00000000e+00 5.00000000e-01 0.00000000e+00 0.00000000e+00 -4.91766539e+00 4.91766536e+00                                            "" 
165 9.179422155001e-02 4.802942611197e-04 256 2467 1089  6 20 22 22 3.95580530e+01 6.49093148e+01 0.00000000e+00 5.00000000e-01 1.00000000e+00 5.00000000e-01 0.00000000e+00 0.00000000e+00 -4.89548367e+00 4.89548364e+00                                            "" 
166 9.227542148209e-02 4.811999320758e-04 256 2467 1089  6 20 22 22 3.95099255e+01 6.48124939e+01 0.00000000e+00 5.00000000e-01 1.00000000e+00 5.00000000e-01 0.00000000e+00 0.00000000e+00 -4.87402495e+00 4.87402492e+00                                            "" 
167 9.275734577907e-02 4.819242969803e-04 256 2467 1089  6 20 22 22 3.94788480e+01 6.47402247e+01 0.00000000e+00 5.00000000e-01 1.00000000e+00 5.00000000e-01 0.00000000e+00 0.00000000e+00 -4.85336505e+00 4.85336502e+00                                            "" 
168 9.323981437034e-02 4.824685912668e-04 256 2467 1089  6 20 22 22 3.94643918e+01 6.46920110e+01 0.00000000e+00 5.00000000e-01 1.00000000e+00 5.00000000e-01 0.00000000e+00 0.00000000e+00 -4.83357274e+00 4.83357271e+00                                            "" 
169 9.372264961007e-02 4.828352397363e-04 256 2467 1089  6 20 22 22 3.94660673e+01 6.46672605e+01 0.00000000e+00 5.00000000e-01 1.00000000e+00 5.00000000e-01 0.00000000e+00 0.00000000e+00 -4.81470969e+00 4.81470967e+00                                            "" 
170 9.420567741154e-02 4.830278014664e-04 256 2467 1089  6 20 22 22 3.94833282e+01 6.46652907e+01 0.00000000e+00 5.00000000e-01 1.00000000e+00 5.00000000e-01 0.00000000e+00 0.00000000e+00 -4.79683052e+00 4.79683050e+00                                            "" 
171 9.468872831400e-02 4.830509024581e-04 256 2467 1089  6 20 22 22 3.95155754e+01 6.46853354e+01 0.00000000e+00 5.00000000e-01 1.00000000e+00 5.00000000e-01 0.00000000e+00 0.00000000e+00 -4.77998282e+00 4.77998279e+00                                            "" 
172 9.517163847161e-02 4.829101576120e-04 256 2467 1089  6 20 22 22 3.95621619e+01 6.47265515e+01 0.00000000e+00 5.00000000e-01 1.00000000e+00 5.00000000e-01 0.00000000e+00 0.00000000e+00 -4.76420725e+00 4.76420723e+00                                            "" 
173 9.565425055541e-02 4.826120838049e-04 256 2467 1089  6 20 22 22 3.96223966e+01 6.47880252e+01 0.00000000e+00 5.00000000e-01 1.00000000e+00 5.00000000e-01 0.00000000e+00 0.00000000e+00 -4.74953773e+00 4.74953771e+00                                            "" 
174 9.613641456136e-02 4.821640059477e-04 256 2467 1089  6 20 22 22 3.96955492e+01 6.48687792e+01 0.00000000e+00 5.00000000e-01 1.00000000e+00 5.00000000e-01 0.00000000e+00 0.00000000e+00 -4.73600153e+00 4.73600151e+00                                            "" 
175 9.661798851932e-02 4.815739579614e-04 256 2467 1089  6 20 22 22 3.97808543e+01 6.49677793e+01 0.00000000e+00 5.00000000e-01 1.00000000e+00 5.00000000e-01 0.00000000e+00 0.00000000e+00 -4.72361953e+00 4.72361950e+00                                            "" 
176 9.709883909992e-02 4.808505806003e-04 256 2467 1089  6 20 22 22 3.98775166e+01 6.50839417e+01 0.00000000e+00 5.00000000e-01 1.00000000e+00 5.00000000e-01 0.00000000e+00 0.00000000e+00 -4.71240637e+00 4.71240635e+00                                            "" 
177 9.757884211792e-02 4.800030179928e-04 256 2467 1089  6 20 22 22 3.99847146e+01 6.52161394e+01 0.00000000e+00 5.00000000e-01 1.00000000e+00 5.00000000e-01 0.00000000e+00 0.00000000e+00 -4.70237075e+00 4.70237073e+00                                            "" 
178 9.805788293257e-02 4.790408146578e-04 256 2467 1089  6 19 21 21 4.01016057e+01 6.53632098e+01 0.00000000e+00 5.00000000e-01 1.00000000e+00 5.00000000e-01 0.00000000e+00 0.00000000e+00 -4.69351563e+00 4.69351561e+00                                            "" 
179 9.853585674471e-02 4.779738121399e-04 256 2467 1089  6 19 21 21 4.02273305e+01 6.55239599e+01 0.00000000e+00 5.00000000e-01 1.00000000e+00 5.00000000e-01 0.00000000e+00 0.00000000e+00 -4.68583852e+00 4.68583850e+00                                            "" 
180 9.901266880625e-02 4.768120615380e-04 256 2467 1089  6 19 21 21 4.03610172e+01 6.56971754e+01 0.00000000e+00 5.00000000e-01 1.00000000e+00 5.00000000e-01 0.00000000e+00 0.00000000e+00 -4.67933172e+00 4.67933170e+00                                            "" 
181 9.948823452222e-02 4.755657159667e-04 256 2467 1089  6 19 21 21 4.05017861e+01 6.58816253e+01 0.00000000e+00 5.00000000e-01 1.00000000e+00 5.00000000e-01 0.00000000e+00 0.00000000e+00 -4.67398262e+00 4.67398259e+00                                            "" 
182 9.996247947579e-02 4.742449535700e-04 256 2467 1089  6 19 21 21 4.06487537e+01 6.60760694e+01 0.00000000e+00 5.00000000e-01 1.00000000e+00 5.00000000e-01 0.00000000e+00 0.00000000e+00 -4.66977396e+00 4.66977393e+00                                            "" 
183 1.000000000000e-01 3.752052421206e-05 256 2467 1089  3 13 15 15 4.06606635e+01 6.60919082e+01 0.00000000e+00 5.00000000e-01 1.00000000e+00 5.00000000e-01 0.00000000e+00 0.00000000e+00 -4.66949020e+00 4.66949018e+00 output-convection-box/solution/solution-00010 
